image_width: 1920
image_height: 1208
camera_name: interfacea_link2
camera_matrix:
  rows: 3
  cols: 3
  data: [969.78186,   0.     , 958.64773,
           0.     , 976.98311, 611.19286,
           0.     ,   0.     ,   1.     ]
camera_model: plumb_bob
distortion_coefficients:
  rows: 1
  cols: 5
  data: [-0.257498, 0.044477, 0.001824, -0.000257, 0.000000]
rectification_matrix:
  rows: 3
  cols: 3
  data: [1., 0., 0.,
         0., 1., 0.,
         0., 0., 1.]
projection_matrix:
  rows: 3
  cols: 4
  data: [621.80701,   0.     , 955.09616,   0.     ,
           0.     , 864.25366, 616.81531,   0.     ,
           0.     ,   0.     ,   1.     ,   0.     ]
