image_width: 1920
image_height: 1208
camera_name: interfacea_link2
distortion_model: rational_polynomial
camera_matrix:
  rows: 3
  cols: 3
  data: [966.857490,   0.000000, 968.493016,
           0.000000, 966.857490, 630.614303,
           0.000000,   0.000000,   1.000000]
camera_model: rational_polynomial
distortion_coefficients:
  rows: 1
  cols: 8
  data: [1.261429, 0.283981, 0.000000, 0.000000, 0.005330, 1.646277, 0.652196, 0.044805]
rectification_matrix:
  rows: 3
  cols: 3
  data: [1., 0., 0.,
         0., 1., 0.,
         0., 0., 1.]
projection_matrix:
  rows: 3
  cols: 4
  data: [578.062927,   0.000000, 979.497568, 0.000000,
           0.000000, 815.361755, 640.728504, 0.000000,
           0.000000,   0.000000,   1.000000, 0.000000]
