image_width: 1920
image_height: 1208
camera_name: interfacea_link3
distortion_model: rational_polynomial
camera_matrix:
  rows: 3
  cols: 3
  data: [1822.355146,    0.000000, 969.011042,
            0.000000, 1822.355146, 617.272269,
            0.000000,    0.000000,   1.000000]
camera_model: rational_polynomial
distortion_coefficients:
  rows: 1
  cols: 8
  data: [-1.889422, 0.610681, 0.000000, 0.000000, -0.213939, -1.587147, 0.000000, 0.000000]
rectification_matrix:
  rows: 3
  cols: 3
  data: [1., 0., 0.,
         0., 1., 0.,
         0., 0., 1.]
projection_matrix:
  rows: 3
  cols: 4
  data: [1664.610718,    0.000000, 970.739220, 0.000000,
            0.000000, 1760.710327, 618.212678, 0.000000,
            0.000000,    0.000000,   1.000000, 0.000000]
