image_width: 1920
image_height: 1208
camera_name: interfacea_link1
distortion_model: rational_polynomial
camera_matrix:
  rows: 3
  cols: 3
  data: [962.923433,   0.000000, 966.219076,
           0.000000, 963.311453, 631.067035,
           0.000000,   0.000000,   1.000000]
camera_model: rational_polynomial
distortion_coefficients:
  rows: 1
  cols: 8
  data: [-0.086441, -0.001591, -0.000146, -0.000155, 0.009157, 0.276017, -0.102213, 0.029151]
rectification_matrix:
  rows: 3
  cols: 3
  data: [1., 0., 0.,
         0., 1., 0.,
         0., 0., 1.]
projection_matrix:
  rows: 3
  cols: 4
  data: [574.931641,   0.000000, 972.380670, 0.000000,
           0.000000, 815.517578, 641.018166, 0.000000,
           0.000000,   0.000000,   1.000000, 0.000000]
