image_width: 1920
image_height: 1208
camera_name: interfacea_link0
camera_matrix:
  rows: 3
  cols: 3
  data: [990.80469,   0.     , 924.40372,
           0.     , 994.04219, 625.78742,
           0.     ,   0.     ,   1.     ]
camera_model: plumb_bob
distortion_coefficients:
  rows: 1
  cols: 5
  data: [-0.288450, 0.060301, 0.000620, 0.002425, 0.000000]
rectification_matrix:
  rows: 3
  cols: 3
  data: [1., 0., 0.,
         0., 1., 0.,
         0., 0., 1.]
projection_matrix:
  rows: 3
  cols: 4
  data: [670.6391 ,   0.     , 947.32123,   0.     ,
           0.     , 868.47687, 634.35737,   0.     ,
           0.     ,   0.     ,   1.     ,   0.     ]
