image_width: 1920
image_height: 1208
camera_name: interfacea_link1
camera_matrix:
  rows: 3
  cols: 3
  data: [995.05027,   0.     , 965.00173,
           0.     , 997.00201, 612.34372,
           0.     ,   0.     ,   1.     ]
camera_model: plumb_bob
distortion_coefficients:
  rows: 1
  cols: 5
  data: [-0.284861, 0.056769, 0.002338, -0.000145, 0.000000]
rectification_matrix:
  rows: 3
  cols: 3
  data: [1., 0., 0.,
         0., 1., 0.,
         0., 0., 1.]
projection_matrix:
  rows: 3
  cols: 4
  data: [656.2641 ,   0.     , 962.76134,   0.     ,
           0.     , 873.88947, 619.56653,   0.     ,
           0.     ,   0.     ,   1.     ,   0.     ]
